$ANSIBLE_VAULT;1.1;AES256
62303065373233666633336639373766363835643236383364303138316333386361653763626664
3834646539633030643834313362636432363331646138340a633131323333346364643234366262
32356161393063613664666533663733616165633461653639386338626133306230653830616564
6164383564613830380a653231363034373961353565376363363937656438316535333133663966
35333132633137613830633064326463313739313930306133323931653032646234333131653233
63356439646436323038646631626138333134653530663036316365303265333238656635653239
37336237343664666265303730616565626464366138623164316333343962313935396463396561
66626537666336616232346664623138383036666235623961393964353333623665663064363539
64653562323532363135353963653930326666336665333366663166623566323962366561333162
61666461323731323838373536623037363365336239373939643661323265623566396662373133
62343532306165343232313031653562393637326339376130613462633532303431323333616132
30393731373335656535386635633931646339643838356138306361393330333934633336666133
37393965623936396531613965663362306130353663616265623834393139356663346135663633
63326535656264313139386261393439623561383063396439353834653037333136613566316338
30353933373262663666303337333238626135626465383332666466653639623531663839356234
66383031613464343061376163626461646430346161653530373934363733303836323563643462
31383831616434353639393761376662313937303163663633323661656535663731316634623737
65653034383438666137313335343261666138656432383136393866336233663034383236386263
39643534643630656438363165386637333663343166363236643038313739316465626463376664
31643739646431333432616335613663326463623231336563666132323638336261616461383231
34393639393539373434303039613231646130313466386566353630646163383837316134653866
34653561616331643062333930346664643231666130626561393636346466363534396163363731
31313533373132626166306362396630323235663031396632306236656130623433636535643264
33323264373965343362653662383862316439613866396161323634633366633234326332646632
64313432613737373031663638396135316665356232646132663961653730646236313862356437
38396361646139626361656566653134623861666335396361306164383565323134356464643063
37393463623963656665616236633032623335306164386265356632386166623839666262366331
34646634393064316564646462313361363064613136353634366432646362303432383565326138
63343862393634343064346639633961336166363830323465383865373163303330376463613833
32393433626630323662633234643366303965663265386434633330373630663562663833333935
66316461396639376561613565643833363064363839646430613462313239343936306162636366
38656230386666626365613538626138303165356463333838646633373038633533303133613962
33366434623163346263333361303765393765663537313364663439633138376638626531353565
34646562306631393832633762313763333363336665653862313831616364323532643336653966
61393562616639326133613931616261613137323234353962343334386138323938376432633166
37636537323265383136656133323465616465386239346563653732623636616366383464303233
37316133376436386466313336636338396136386133316562633163656134323333306666343439
36333465343134633462393936393464663464643032353438336463363362306165303032643735
66353264656466333532373432386234663762653334366265633662626261373136396231393836
34623335393764393237356334333935326232393237326166343765393965376639656261653562
63333833346663306266333431653866623034396531653832336231383430303034323538336237
36383535653636333065306462626566383030343632386434623061346431643738313237303161
37343337363166653435616438616634653465333635353962373966663735363139663939613363
65343435343861343433656361373033653366383931383238333935366161326463373236396462
62366661316562373331386536373566393265626436626633616365303032613338363332316362
36646430336234323334303863383734363165313733616665393563373430623336396235336638
33666235356264646163633433383433303562633635386164666336323063376435323735333066
65633430666161663435373037386262613365616363343961323530376333663063386238626338
35633833666131616438633564313439336134373563303831383030373230383366393761663166
38326363386561336163373239616235313262303961356566353032323265666136383532643438
34333835666539363361663838656634383663656365366361313435633334383632623463306535
63333262356463663035353263393464353236623232386532373439363263626233353736663739
63386661333836333731663435626533623432653031393563353335376337393362623763313036
38386533663033613265376338363130383739356365383766333238613264376634316561633866
64626634313262363735353831636134323130666362356538323163343063316637626164653539
30363165393235633838393066333639643436393039343864666439333234373839616239393664
38366538326261663865303465333033386533316265633361336539393463383834363438616365
61366663353163636463643962636133313765316233663661643265376263636232636364393964
32376436323436616631393539626665373638333763636439656239643932373263356166383830
35383436333665363639303830666533333334633130366564623766653866663238323236336538
61613631636433353635323433613365643539626265613739613839373866656338313038313337
64333566346661656464643633333234323332326530626436633962363266643831356263326161
61323765393463656438336433346338313566333035663639383761653235326463653135353366
36303966383734663961656464316134343761623832333361666532343862643961316163643234
36666232346431353033666362346438323938346236636162666637396331663964386130333631
62633466343934383039393861313938303631303464323435373263616462303862363735363236
64373766393866326530326639356365306564613339366330636362333031363765643664343233
64666565343335326135653265353330373561353132333735623062646466336635613832386561
30663065346364663338356165336461626561663139383336396130373036346561393033386531
64303965333437386338373366303232623632663365383266613735623763616466643631653033
39323635386136393033633331363533386338653861633235363662313564373032366263376663
37656130303863366633323430626430363561616539663230323936336234326564373030346666
37323738656136666233366337363266373030623738393038356339366131633437363739386332
64616238633937333862346232393765656134613564326134356538336563653664353033633335
36366264663363653137313132333661393737333034646561386661303031343364313431393631
39313735313463333236336137356535383462346137316232383335343364646333393664303838
34636462626531633438343166623630353061333665646138386239393336363430633832393862
61333030303665613932373930316438643835613936336132636139373533666634663734353466
38366233306562373730393362323466353530386638666131636265326531633534643266303136
32653662626537623336343063646131323165373736333337383630613331396262353935323134
35313934633032643562326433393135623031343135393930336237666138353763616532343437
63383865316136653661386666333330306363333836656638336536623131613735313934376264
31643132343536333632656530653732313263396133323837626163393961336533633264393739
39333830663731376363326431323637366661323336656534303165313438323333356130646665
30336538643437616432643561666633303066356264303530343363363961663936373832313164
63373363393431323661343233666335333431653265623738353237323031346231346233303662
65643038326466343564346434393230373064323164653766343061313138653862366262363161
64626436333738306464376536623862663230316262323864313837396538633531633539356436
62353535396333383535666566303662323862323265623331356234653765353364343635353061
30633261383065393630616563313662383731623463663131386164663134343264663233636632
32613866653536613633663733383631633537326435663834643263313066323931646532643232
39663132623831653264323632343433373339623331393438306266663337633031333661323164
65383635326530613434363133633931653065623966303833313539346439393666323739623333
64323262366665333261643038646533363962616530663566303139663837636133363365396165
66353833663335356635333533653166383133663361626132626463613365373563663065363735
38653762363737303661323135616534316130663138663664326538346261613963663435343363
30323066313839303339343032313963333466323039643164363830366635383663303439316237
65346464363636303161376339303464626431643031333965643863326165663565353163653336
64336534633735613639356137663835393561633434656638363035373735663830396661623939
66363965616662326438646161663139313664376339373438326531346331636162633738643537
65396434396464376335663838666166316438396430353439666162373566633762386232373131
63346536303930383837633836363436363461336237363734326436353931663539383534383330
39616432393033336335663064636631653534343865376638336163393161343264346364366434
66383866633430323838653464613838646238616466653337303235383465633437633336363930
34313331633832653566373533353231333633653539303864356163386535333063616633313561
37646139656533393434666161636563396566346232663431623532383062383139336565646662
61353863353564363361663635373638633632363463613436373437363232333230623534393163
32316133666566356565306235636135396537383131326666303232383861373835663762386664
34653165613238376131613934343235343665366239333436643065376235613965303730353566
63346265393439326161383332383661656333316139353366643063326438363136383431646265
33656335613130363937353064633164613562653036633838323564326439663232376637303965
33656131316236623039366165656237313961386632373864663161303235326330653237393730
33346335653463316633363837373361313137343732356161373731366362353462393463393831
39636533353238393136613462643730333333636433626134336238613138333837383333653430
66313961323665386565306538383163653361313838643535663634353761383663623237333537
39333031326562633766353831316338623331656530343635666439396462316639616166353230
34346361383862343930353433613839623439653330323132663331373833383730386465323939
38633761653538366634633534383538643031343464623333363464653237313337626335616333
34373135383234356365623337306130393532663465643033623933316338396132393966616462
33393535613135646665636334393530313332386664333430373030323733303565323036396435
38393835323035303166323736303839666537656430393562313166336230623433666632323562
61626637383136333436616139303737313461363964616165313730396130393133656266663430
35393763333934346439373534666663356563313661623137666563303638323166633362623838
30333663386633393839383937663030626563326466333034653863366166646533323964636237
33393034663765366265346361303462646136323266636135333664373934343864326538373136
37633034303063303833376130643131303038616139393065633563643963333637653934653138
31313666336331666164336561323936316336396633653966663539376137653339313333306537
63616637663631356635656162393866643536373937313432376562616563303330633338303063
34373037303035666437303837366266363066636433303162663233646534313131386435316135
37333138353930396430636635613061303838383563626535363563616133613937666631363831
36643736656261346638663261623762376237613864383936316265643939343639613430636566
30623565623733363530663838396531326564623939396530393134396230613233356330383366
39313635303335353439343639396464646137656534643963376466636436393430653131316438
61323665626366313864326235653761393366323337643636373762386562383730653334316638
65663030633263333531363034393838643465333635653937303562653262316637626161343565
34633231626461323533306465366431363466613835303263306565366466643863356239323261
62383237623261393039373862313930333064616334666433646538343364393130363737323231
39383833393133343661346464393437616636373065366130336436353830353566396137303762
64636639383432616536303038646361633061373930323734656461643666336263383034616662
66366561653666343935666564623362316432633638336535343062616638343231663365303733
65353538393834346164383234383566363761646163623538623637383863356363373664646136
64363334373839373263323334653539613832353133613165323362613831333130666534626562
33363633333534396530336462653862633333323863323262376431373761336330613137333862
65363633326438386136333535313930303234323930363737383761656634636132353238346530
38386161613038663736383830336465343461343565633063636236306339386531366633656161
39613462613762356238373031303730656165363264373563363930363862363462646535633637
31616366383962653735643461373533356466313732336637626134323261306161663566633830
38313566383134316361656432326230353761393932646637373430313236313339663663613961
65613334323362346135663631316565356166613430373735613666663834323064623838613639
35326266343666626561353133336430376138626637633133653237353264626362376338343932
38656365393437626665653166323837623035656239353937333664303037666132396337343632
62656465656164666666376131366161663765303138396336366461316638626333393965343330
64343637363465316461383366336262383238623533333533356133323332653062626439396663
38363034346564313830653661303138613966373636366134653064663836663165373964666436
30646231353834356161613430623131663832616263653731636561623764336438663333323335
30363034326635613736383232316461306531313833613232356264316439343362656434346266
30636462663234383635653761656662363065396161666536656363383963666462303963376234
38343433393330623432396466393930393164383365653938323337633936623565323862306564
63353735346136343666343035396334326165353939363232323930336634663936333436356333
65343264323331393135656463666534303435653364653432393765353136616137313564646134
66363031376263643261626266666530656365613832386164653533363666363837656639333830
37613564396366343234326138386661646530316466353239326633393665303563633637373965
31313031623064363833303834313233396336396461623862323939646565353061363862396564
38373235653563306562393766386630363738383165636365346436666664336331633763393763
36343064313439386161663062346166626566373161616362613130383561383464623063316531
65393737376336356337653635373337303862613862323139373631616366373061656534656265
64353464396435316437373562303565636165383230663435393633633436323436373630323764
33393537323038636130313334323733356534373361323466313735616239623538616331343930
63346135356438353765383233336332353161306239643938373664323234323336613064633731
64663033383932316535626661653030323036306133393565313662393762626137323337633665
33656233623838393165353136366466653631383233303764663262623862316366363434386266
63633536356331346362626335643266393666616339633130306534633335376236353261646561
62306133393062626461636135343436363334346165636162613764373836373239623165316665
66646133346138383839633463636164366534333465643563353964656536313430333236326464
62383231613466333063396230353966346538623539333966633732363261663366623231396465
63303661326265373636373237333931613862663034363639666466333431353534393637343934
63303734623565653861356165616139383431313739303564373536306631313831646338323431
34663234343936396635353135623838393339663063363964653465376661333935333534373832
62373434383132363361373437356262303037616231396637666431306165613531623339313838
36613164626166346633383430653730326431323237666365376236333261656630656633363438
39616639376162373534626233623164396166363337386338313763363933646531373066333532
62306531396634643831643838623632363361323037333036653532636366343035653133663630
38643330303365363137633037313164636263376636316533316133666630653361363833396331
39646632623237643034636334623935356335333237343831623966616633623364346364383938
36306130393038616661663537323337316638666266313032356537646230636431386665363661
32383236386265393366323863623161336364313562643037636332396636653939656635383735
31636239663733393964663364303935396265333436616637326462303565656335663465363036
65656136363732393934636130323866353366396365613461393534356331366339306134653661
31386635366561363962333935653738613263393132323036646230646433366533363563666635
31383930343030316338323635613937326133666665623961383430663066306535333766343630
62653564343064363964306139333962336336373637323533323034356364353666363335366634
32663536643563623836393464656562346230643463323633613062613535623561396163323330
32616664346565323937353931356333376162633235333664663137316666316363303737656534
34376362383962383262356139356239623739393330633637623730353639663264343130663136
65613135613535373933663334663466656363643431656137633839353262333639316330666538
31663162626230376538623565303039393566303435363763653033633337636336363661626538
39313465616336653333643132373831346161626166373166316633363133633733633837363864
30373138653239626535633131306238346564383037303435363734623537373561383461633031
37623265623265643161633638316638376362313734636666633161373239613962303466396233
61343632616233313034666230346438363863316232353632313236323037393663343865386533
62313963303630636335663834353462623833323335336630633434333464383237396137323339
62313633333864626631373035323163376663393666343838303666343564336534363736343465
31656530633635663037366263363937313730633165343164613263396564336664633864303764
31656533366665316462366633376635383536393935636232643762666332316635313736363962
62646233633862633037623438336266356166326337373335653535343033353765336432313065
65313365663164663532653534393133303237623233653039376136356135346331333635396239
63343837343764636433636134346639633137666539643037383632396433343231643466336262
66646661376666366161333237613335316639643563353630393534393265333738643132633839
39623830396430383566323837663034666136343466636466376566636430666139353863306262
65653537326364353435643662313464613938383539383265386464653637343737326563313233
63396563353036326430653561663535363237663137636661336531653930323261616462643662
35393062643831343937303762383462366665633739343731303664356135653731656135333338
37393737346666393537623436616362653831363762326635353964616132316565396338393165
66636533376533323534336135646365336339363333333462636334353766623935643065343530
61343765663065343466333664386562313434646133313535383266396366323966393234346163
30303639366339316134636339646266643136646138346532336134623264356366353631326436
36383366326362343839656462383364613937373435306635663535626534656164643866616662
32346461333766613131303337393464623333393265613132386661376438623365623061626366
61613831353835373938306263333531343564393136343635323535616134396366633463666537
63373138646635303936363532316261333034396330353639363333623833633761626532386237
33343036383362393638653166366636366434393936333536636337613538363763363235303563
30346365343664326637326264386266633230323564663764353966336532306131646530383536
39393630646332623463333866666565346663346264663163383565373864353566666430643166
39376463343137383036363139656665643935633634633034393330616630393037626535323964
37396366373230316336653536613266313239333139633235616665643034303538396465313162
34653839313063646538663936316465653366363539313865326564363864666632366138306137
38653165396333643734373536373835393566343962663962326138363431363630303463623764
39386664633036616231646665366139643331653435356230633739616439393665653362663164
62616264636335313930616333333631313137313261623930636337386439656332393231343936
33316133366365343964613964306234386134636434383565306639316535333265353863346434
35613166656462623135333735386461633234386436396138306135393433653265643236363931
38393964376166386263623463623532653131306233326266383037376166366333636563393730
32386261336136343737336564643237376461333232313435396131363234353862376637353966
65366532326239376135353139623230323339376531613632313730333263316235333366356238
39316235363136623139323538616261633838653131656337306162643839363838303230366364
32373330323266373662353162623330373833383339623966626438376630643037323464643835
65393837393936653432383337393334393462343132616266393239646563396431363661616130
34323732346231353764363432353566666437353735363237653931633536643366323161366663
37333664373337333136343266636137316433386665653238343566613432626465343231633136
36303366343239313034653164643865663363623536316431303336646161643432313631336234
34393738323939336237323763636238363235303862353933656133313836316531346134303439
65333866396139353435303733373932303433353361313064643937306130313337636136323965
64363939333635656163623933636334313632353365383537363063653338373633633739326537
31343239316265666532333663346339653165656434663064303030326332613034616563303538
65336564356164363461313039313735383761323365663231313638656232393064346236346364
66626661336437363935613434663636303861663330646530653331313761366438303562613036
30306633613934373664323835366330316639613661363333363334316263373533383034666434
62656435393833333639643134643832656461636566373534643337363762343139393434313939
35643964356234616561333963636133656661636663646631353263313731646338356265313734
62303739303038633339376363663036393766313434373631613962353437343937636662383830
66383863626431353433643739613834363863333237373832323030643261663332663037656636
31623761633232363731326634663732623661393837303466346537303062383738616665656666
35326461323337376635656138386330346131653362393638623130323639336262353862363337
35313665356239383832306466393162303937643637643564656635633430363361666535653536
37386139643864333938333166316432376366343761636266386666376666663630343032396232
66626636613766303637343538626633653261656638373963633533336331333537303761616235
63316631383837643364313163303136366537396136663232626365346138633537353835333233
34613239316235663933363331666432653465663536343166616162653366646165636561656633
61613961623763626130363230323363646632313136306438383437383233343263373036333966
61333233306261343032323866646338646438663062626262386536303766346338376463616563
33333532623535623039363237323736313232386138636664376632393637343661326435363764
35323765633762646562333535636661663563616261643433653036653131336536383835623736
66373433356134663638336530383261663635396266623530316365363563373237633836653933
66323935323665313731313431373133643463396165363630313932666331326338333632343539
35323331386130643736656463393636636330383036303131346262636534626136653334666133
38356333343134613234343263623934643636383766626365363765383335306663616339313561
34656666346337333333636430623536353039623730643230373935643732323733326665366639
36353737663964326131646434646161303666386636613664343166616531616130663136353665
37363839323765303430393338336230303035336330336564373632636363323761393239393136
34393930646135643463353633333835383835303235633638343966373037663738663463373065
37353561303238613934323763323134646632383733316138656338656333306232363034623132
63353135366162666634373037643137383332306238313261303466313037366364343062373961
30656130356561363366383031343563356434326262306337616532363235383831613535643065
34616237353436313539336564633761343234373463303037613166623062363133373932653833
37373362343832316430303162323135316439646230343762393231313135353339636638303731
33636535373630366139353030326266346565316437313639616432343864613466636463323938
36303637366434386330396631373936623131613539653865643432373464623664663263346262
66303533663065343435373562623964356539643537666538373266333166633332366433663664
36363732663462336463343164323337323364633130326531363534323663313231666465666136
61333134663961646430323532333964303963383637376132363036336331323639626438623232
30323461303333383862623634663936313064346437383333633566303236383835383563326439
65353532613061633063626538366563343637613630303066613636303963343062623037653037
62306633373263343530303764316436343234333737393434636166306563643637663066626565
65323533316664633866653161323637633438633836623433346565336333376161613631643033
61333561623163373133396332353435653635623830376232626636366563376463663136656537
64663138653234336531613136323139346139643062636536613931623863653635333564336435
37396237363965313334663666653736323331393864623930643964363038356661653136336638
35313761663765396234666462373665666637323432333834623137303731353365306632633838
37306134623539663662636665613937623832626566303261653339383230346233613131326235
65626335323566343661393134373165613234616335383662336430393365363663303263373563
35666630343762396532373363353765353234366338386565393133343732323131356339316235
35633637386466626362666363303066333238626638366439653938666432366134383537353564
37613763313865633735663135643262666665393233376465646138383332633932323638373163
36356465316232303565653066306562613464336433343663643037646535383861306335303434
32646432323365313237656635393539336462393430336438633961306435653332646162656261
65343438393837653264356264356133346239323466656337363736333934373732313262636138
66333739643435383032323638383933613061336265393561326233663764643666386236376532
61383639643862333234316566363063363865333536613661643237623061626439303631346362
66366236663263626336643333333061656166353536616131386231313236643730663166363866
32653936643938373437636536386232303861336339393233383331653466376336363930303933
62366539313163363166613339363164373037333333383838656339333038356465613732343936
34666565383237353538633232663039346336666434396231613561313137613232633261383239
32333733333464636564373539633636376433646530613231323566366533663462323662666563
31656664633939336461646431656531383230323131323366343432613834363130393266646330
64646633323139333934323061316131666564316132346531616365316361653365343736343331
65623163343363323035353436316562363137663839353763316334326234633862353430346236
35633365326461663735633265633366393234643832346436383265383334656438643262643761
64313034653261626663353330373061663266616138353831333831613162393962613765653530
30646335356534313435353335653336333137393662666535643266666639316135343466363665
62303963646332326531623233393437396134643032373930663232373334336665356265663031
62303363376365643939326662323732353430666339613038633339653134303065333032383161
61663136303831303262653838346537313563386137313963663331633437656639363233336235
37393139616138633738343138356365306165613935353264333036373664383131343731346331
34623433623530613631623164623863326564666631363337616239303965623335643139656161
32373333376339663062663565353437616439336438613866316338666366343466383264643733
36653839323738653332326561613939333664386365646333393231653332636437333832663134
61393162386338363533303237633836386433326331393536663261373335316536613465393266
64616265623837303966393936396566643562383037393030393736666233616239653734653133
39666132313736653661306139663565666531353434306530643136323838383234396331303738
34633164383038616531613736393338663365663539363937623536643630663163373734613131
32323131383465633866366335666666313936303535363430666235656438663431666637343235
63626365366333376538613735323730663264373165323030306262363466646235623533323538
62626133306364646333373264366562623038373061616637393434646662313030343561393762
66376131316661353465343137303966626137363532653466366637656435616466336262626233
32646433383663343433316335636663653031613163346166376339363734633630333866366365
64663236633933303434306266633165326366363263626666653137353265626234343636396163
37383863323039353166383363323936633530373831396636313461633864313265636539633939
36303439613364396163613534313231313264363035326637623939616361666631616438643430
32353265623164313137323332633765303139656636363334366433636166613137313036366430
32373265356638316539646631633165326165333935323063613436613733336666373061313164
66363061666334666363373561633331343263616233376636346238636437353366346362626535
32343437363139303735303832383431313136646535353932363437626234336462323766613436
37303138666330623338666332626433393064326234633937633639646633616439383963346563
63643139616434333831336266336631353763633062626234633935663166333238306234373239
65633231303362373238653436386563326365623264393538343264613439666664303339663765
32306131316230376439613537666162643963326533396166353261613533616630343638333462
61306564643239633138633632343762663364613166623738653765393131373662633966323865
34616631356333393530333464303332323961616461373336616431636337333538383838626436
39346338363862353766636231323836663338303039646338366437646262643863396635633036
30396131643334343031653637316465636632626164363133366331663362356632663037376661
33636264663135653430333434643864393964633164636463626332623439386363633361393064
34393736333564613534353231633566376133333562386664363435666336333133623363646336
30616131623264326138303239363232313966633038363933323839633839656665616564303738
30653235303236303432333531343061313665373837316338383364653136633163623836323635
36303936633061613336396462373364653436373230336565376164633539363864393264666637
35323261376432396334633139663564306639353466336164663839396333346330666139306131
63626230663239626164653230623930363637353537633731393963663334393331363933303463
63346639626432316666396263343737396530343633396434343432623362373631326366666266
35646461386463323364633437336565333962646435363037306239343665356661666637356461
33656331666262343066656332326262636234303239616339303633363733623561326433303936
36353164616564643933373831343663663866353339343239326236343036356361303039653662
35356464666535656332353936306263623535643765343030393532356133303336623265316265
65393930396237376330386132316139613762373232613433363865393764393865643836356561
65623365323365373066313332626464363130306361393063326132616137386365616637346661
63663730666166653633346633313836636634343032653031623865303564376531396136373264
66623435376665323335666538356639623463646134613439636363383731396336623137363037
35306563376665316433353237376463336465396538393239303465336531353332376234323061
37653736393462623036333131666636313433373438306334393633636161636164633266633132
33633364653337383366303462306265346261646161613864333962373534616362363663313163
36663733653365616366386431373666323037633765323438346433636635303634653932643130
34393362396263613463343337393731636262363635626164373832383538313731323865396435
32353032626530386461343038333164366635633764616633633866623464373132376431633639
31313761633134626530303133353637626236333437643265636632666563366266313230306336
34326565616334326561313831666537363162303135663732613332376138326338613831626433
39363534366665323963633639353165373936373162376565383839376265323736363430623464
35613961333066313839383130343133356638646262346231623435343233636234393436656436
35666631643636313335333532633438653039626262313032666332366461393433623435353462
64633063386432383764623530653037313238383632396163616634616564376463653537386331
61636336353631633663346138316462323638353264363931646334313735313036363832323336
32346563363333373366643030343830383865356166346430633434636665643838343132363839
62346334326562656431306463303533656439336566656364356664393437356639356266613134
65343066363030386430663964313638313836626465376633333632323365653633656666666537
36636463313566633038633336316638383462653734663532346263626137613432323335363766
35636430373231353136626466393934386266336165356362636431616263646432613839376336
31376232633630646434346637663266393461613531343862336232633030346335386331303166
33636634376131613130653565663932393538363635636539356637393362303636353330376131
32393734316664343765363561356533663037376136343235303830376164343863366136313632
32343833363162613134663362663139613030303338653333363961643235636561383839393962
36376632656135653932666338656638646332376163316466363436626437376636303238363265
36343233393730313761376139383231303934663131396633326538643038396566303338663833
37383530653337613461326464616261373961316430353631386130656630633138356539636464
37663837386564313438383765376135643038366234666133343332363939353831373161363264
38336630316635616566393461303266333232636162633433333466646166356639613166636566
64303461653934623238353136346234343765306533636336393631626466636265623436663538
33623134663665363336373232313264313931343835626636346161636537643535663063396632
65303639306561613165663962323664306235663536313065616337383064343665323665346265
62643734313333336432613337323966313534323634313064366661643538393639363761373734
36636365383137373035356364646132316164646364633763306162636230633130323731336435
63373335383262613735346664393765333762663137643735623232646231633434646233323837
66383332626562623063333662653363336537393131376331363132336232623065363462313661
31333331376532623234303938393730333562666366386634333663336666333335353532316433
33353163316364386338353961376534353235616537376535656433623165633734386665376537
37663537363939666366623661663533326364393731663837366631633163633935626462333665
61353064323034306530386161363937663439663733663934343738376135356636313636373763
38353939623132633333303934333061636266366266656333656231303361653561376331303664
65396139613534356631383665353230666563346533646232396664613431323664383332653463
63353639623364366534333932643938343932653433316635306434383233313333303931316334
37383535396634316163386266653566633931386562313962666336633261373935343564343133
34396538623632363162373435643365663630633539326636633132643132373162363331663938
38346531373363303030616362636135313939306665653865383131303736356630646665366435
34323831323632306337346466356233316363626437393331613339663762633937653536396430
37363135366261383163393464653736356263313335626561363432376631366263316533623666
33326466346130363963616436613231366461303334336663656666626637613138313638336530
35636664643533396365393932623735373732623135336138396134313935363662393330363033
36306466663663326663653530663231643831623637366664333363383331373337333532666332
31323930343565636432616330613735646562353431316433303832323138336432346263616164
35326131653936333165636662396666373839656464393265653833366337636462383062613762
61326163643633363566306633346330616537383132353466613164383733383834323734653834
61373336316138653031663834333930363662656131623765313530313236383062363162613934
34613235363636323030333036306332316266333063373163386133313964363562306430643035
66646130323266306531656533646134306131353930373964386565636131343431326465393262
36613032363830336432333438386231393634363734323737623763363665353139393063353030
36363164613964396237653164653463313238616566356565626230663564336166363836646561
33366130643362316666313438333031623063643739633130376366323139356135353064623866
65383237626366383131666166613231656536373936663630663636376332636433663565353835
33656436646337346263633331643539343165353239376463316336333838323264633066373866
37326233333164663432303336626635616535633633383838623632313862663633633438306663
62316161613363356362326431366235636333313864373362666136386363313832643662363438
36323132633561373664303564643238363135373733626234313966626361376234353739383861
37363762356534356361376635356534396237316538613231386264386337346664616138633662
39666435616566316536613933336235363266316436306235633261356134336262356366343836
36353263323864383836633935313264333233326131303738353936313766353334373631323562
64336131303034353237363664376564396138623732623937313164333663626262626238336434
35386136663337323238643139353766373732623831323138306633623630373531663166313832
64336634323235623139666538666531316637363164636133383963333761323863386533633864
31366661646532333836623662663632663132306562343737613264663232383231306139653963
31396139396335346632333533613966623064653131653832336534363237363738666438396239
65373562626237623933346132306231326330336532383862373538316636326661363135363736
62383031343863366466323365613136303837333632626463636163386332313663376461303237
33383163656463346630393163633436343465626262653865343634613961346635306437373066
66353763626238363939353531376531373936336461653661353236653633366233663332303637
33393865363834326232376434323363653338633436386161333434653937386265383435643032
32313664633061333164646132653465303764363965356363653532356434363030343564316464
66333930383130316334663335623435303633383861633632376537636132386536346461623566
38646534653033393136653131313534616232646362666239633664383963363364313731393335
30313732316337316663333531636435636639336334346364336330363464396264623463623134
39653631363364373933633965346633376265353534376634333562383033303433343836633031
38623430643964316538646131663565633230666136363964323139353638663532316634363331
33643966353165376266306364643139363033316436633837323831396636353466616235396232
31633234373362643638303333633936333661316164633363666464353731346335356631323963
36333638356539313932333666663333373232333331616335613538616134386130636230326666
35653138353435303761303334653633366630346631626638613732323638343333353966633765
30376631613931323535363663343263663962663438376561353464326135643866333233653433
34316437623638303333303366636466373363623636316634666439316661656237343332646664
63633362343036626630623332336438386137356332626634653836643033393138626432643733
36626163376239653936356638613964306164326437353433326362613963633530363031623939
36323933333966313764353937373361363135313234333930623530613930366262626430396338
30356663303164643265303435656531383630366666646531373761333961356365336534386337
39383632393735356635323461343931653636616530366336333864353865333935306163663562
63616139303565353632313532626363363862306539373066383566313131663635616139656434
65653835353935613134356238306164343434383466393631656538313434643466643532366232
36376538356462353732623130363761623965636136336536623338633437346435643435343465
35396330633633666463626239313335303566336364326434323138343837363865336135636230
62663165346161643938626532643333663835653565323932373064303264653337616535343463
33636637633963396438303134616162386235393064623233323632613930343837376163343561
34633836326630643963393764306339363063396164363037663563323038363865623236633437
64636261366263613262386665346134383062306234643763323962323465393365333164656364
39353232666661356438316230353863343562613762653735613332373965356165633966336164
37643731326237386364656166366261363139353134626531633331623766366134646134656331
35616533383234636631383233663532356230626261643537383334643237323835343239326563
62303766633361633931646334303433303363613633376263336533333832363963386132346637
66343463363639313932333331633732343131366661333765356139356236623831616238313662
38376264376431353238343330303738663138666438303766393330633233363336306663373764
30346335643330396338663665613866363162636565303330303233323165643234343432633066
31656339343365343165623337323062663535396263643731373864646535323839666466303036
36666439376565393834323334656530633531653138666233663665306130323130633638643364
62323064366538363737366238326338306135313231313135636466303536393934613361663632
66613537376662343830383834633062636633666366393761653536366435643034383933343762
32366532326230373733653334323136643734363031333763303931613264353136626131373032
39336333373864633739633636653033623832396539303766343561663537633761346162393132
31323733366461636134383764643764323938373461643335306663333532643066316366613636
35666131383161363438383937376235613863393366383039613861633830613362383163646163
39313037326233333737613537636437303434383134643363373461376661636534333434373038
38323639643635353136303630333137613839383361623132396136373766663933333734666261
34643330383232323864633735326235356133386535366632623034663938643232323861363362
64363733326230366634326335646366626162653332356536623863643533613635643263383730
34386336366361343834633831623065626332616665316232633664613566363462383739643737
39663564303732626263303438383135616365333236613164326634343461663165386664356336
64386563663136363733323239616532373339353965643963333464646633373965393961623065
64626235366233643165643562663064376163333331636133373239336464363566333064316536
38363034343935343561313430653137666536306136333332383636373837346131613262663038
61386639346466646265323936386664303634623630386463306565633462313437313038653334
33643635343732333261333434663664663830356435396364666538633064653438313664396138
37623166333137653836373932303330306566313362323363333939393865356365313639343431
62653137663531383230313937373930393836613336353031383734623365386239323035383837
31643633373264386138313734346662643939653865336134393163613562303363653766303037
36653833386662383163643466663038373365353134363139373538386333356662386530323633
39323336393665373964316531646264363161383631643337636439393366626665363634633962
64353632303561383462303661666266333534643836356363623236646539376361373661623964
39306633333734643032633036313063616466663361616239623733393534636534333538366436
34383661373830626466616261393563323437363530323336363963616532613639666661373761
66633733663033636335636235643863383564366235616562346339313663383761376536393136
36376434323139343136626236373364353164363735313133623534323664323634646136386365
36343461386430343462366266643065343035323537316561343164666130326638636366323365
66396234623833396261366630666464383038366262643736383638643462663932363761396439
36343066313735313934383532306233363463363436363839383132396436653261643937383733
38313834376262616261303839363232303633343063376336646363623335633135383565633763
64353662353631383537393366636266633130646337633233386664353866303061343734343364
62613334343738363133376230616133653966656336663665393030656562316366646263303438
62303162363764343462653732376639653836366237326432613465396661633039396131663334
31643263383932666132376231636531646466343937313866663436393130396138306434333163
34653531663562313763346365643735656364373838643430663438376333393263663466613036
64376433386536666665366263313631333530313837396339363933306265366436313537613064
65663263336562613361656239376139393861646436333962313637323532636663353865363733
34363131316165306431336539366532393437393163643134666437386631373936336438623662
61396161386134343761626135393064653734363038343336353039323361373363316538326339
66373766373763656137646630336134313166623461626666316533333838303037613562386437
39316365616333646432333234633563653966636265376365643738336362613465393437643965
37653837656335643738663764623265643732643534343466313665613364376263633363343131
30656461363939393036633432653238613466313764386632333734366161633536656162663566
64613462366430366639353264626231383131303336386436616332383731346431383364616363
63323831313862306338666561326262653131303839393061313565643263626535623761656565
34623663383662636331353133366333663763663363613764356533356566643234613137356337
64316563363562653139383462623163343464353536393733303264623964313232626338376330
61306165363230373762313234326464633539626435613661623439363837343261303334386230
38353538303133666232303833636338396562636638646134626337333666363564323139626639
34623364613739313863643964343261616235303139386138316364643365343730623732376634
31633233303561666263613361633763373639653031373731303737666537653066666363323264
62343064613334323631626235383761383636316534346638653235303633656538346634303330
38653737633137626131373264656138363036303037313630633334653735666137643661613530
37616336343739323363353635353637636332303333353634366161636133386138353038346634
35346333306561616337356435346334366661333032613565623332366466386437366466323335
34356539326533376535333463383038623564333534366639366531636463386363376139626132
35666533643636346236393564656334643131383038336266376165376264626433346266306632
61343639623131616433393462366135313336636465333666363663636433326439373033656339
39663930323464666463383963303536363735633163396466326535313335343837343866376364
36633163613462373166633934333633323433353630656532636632636462393239653966313732
65393434666564336138333763303538643562386466373466353838336538663938363166663536
61616139363362666364656265396135623435656338333732333338663734363232633534646136
62343933363962633364363661323039316532623235343938313336643663393032646165343832
64353939323837383562653833333831623566623335333563386336343833393765396165393334
30323738643236663733353065623030346363323334626437653038333633613364616230353663
36356139386461323333353466663939626366343535613263333034643934366564353234663465
61376263663031313233313030643365333736313766386662613862663961396566313066383064
34333336303061616365626461303062316131666336373962326631366663303866353733396239
35613739333861353861353931363634313264653636323136666236653764353934373661343339
33326362336362346439333933346161656464333765353436633932623261366663393330643832
32326438643338366465306332333363303064333235633662613635623066303738303839353632
65386562613661326536343533666530323130333562646339396632313130623938393635666266
33396233623031353436636337633931376631396165646164306564353062623730623630326332
30376363666630646238643930376237663739363765626139386434336665333366323764346463
65316632303864343832386337646265313630353239333064373164626535366131633533383332
34333534643832363762653334663466653232316637646233613437363965363666633132613139
35653939323638323763376437323766663831386161666132336630643035633939333336656163
37306132373638366361353936336330636135373237633631663365383033626237343231373661
31316262626239646361313161366630393362343734396237623633316462353032313835306538
62363663383265613532636364646532353632343331663130333534643335646166636234346238
36623366353264393637633630343834373437306639343162623136313634356338653863646536
38353534383432313264313462343131383364316330623237386538313134666330356237393239
62326236386334363862303465353366336661333766656139643065666235636564633837306563
63343130376138643534346232303461666436383330346437373434393166333036623037653130
61353632646630626330633463623338306666343765326435316138636661303437643165623662
35646162326535306436613839626539626336376561373934633236346337653439393030653664
35353366363961366432343639303563333335396461643531343035346161663235373665386361
65646464643133386537333164353463396466666235316639613238383362303166326431363734
36626236346664616131313365343333663064633836366564633536343435623136323466346461
63343437333330366136653566633435396633366364353664306536366637616166623339616263
63373461626461343034326233333536353037626330346139626536376132306334643766633739
34653537643663663362333631306562346335393439316139616335303634663731333334343565
61626434356239333631383832383266616336383361633265326630623666653131326637333838
38343037383965333631363535623461633539383863303833353632643635326339616663376166
63386439643331346531666238663965303661356661316562623262376633366239336239333237
62326530643266333832306134323061653833633732383531636562613434323032396262663637
65323530353862343138303366663863336336393664653563633936366561346265336132643163
63626433343632656332323665356466393064343438643139353633323565366534626264646330
61626133653431386133353464626232623163663661353565373439346332646632613531616635
38336537353264613333613061333238336533313465313939323433663134613137313933386538
31633938626463323562653963303433376432373933616133323236356361393661363765656163
37353032373539393131653036386135303361393435333266303932323339663961613335306461
65386633316437613531346163333062316462323134393436666138646439313131366537303166
63646231336439303631653135306662386531343562393839343533653032343331306438396364
35356564376363393333663233383562386337656366663333333464613365306334306265396633
38616638373137656438646636396664653061376665373465356564326637396539663137616539
32653133616235653237356363616237663133346233633438343166353165346564393964633034
30393833663964366164343038396435623535303737303862623363343435306531393934366530
66333936306139646666663163366362336465656164366437376532336333623463613463636261
65613731333832326561376266666466626136386535386330643164343130386561373961666532
66636138366230653238653864343937343163313563346338643137653030626137383565376364
36656365353461383632383962656330623663383635653365313966383462393062623339656565
62373731353933353637663636633963383732663236383732646164356339646530373038613737
66313336306432353631323963316532343134383335643030626537363235383633613565356634
35363265343662616432333038386531326564373563383866616334326636313132363533343861
33623933313238633739386132653663383438383939373737303261633164373838356230303364
31636136636237383166356630313535393164306434396239333533633036333237613566336536
34363039613762316262633538646333383736666331383534313931643730393739313265343431
33366239616633323730323866376337656361653036303933653663636463316361663966646332
39663463346163393130323938626333383234636233323935356431313366323562643165366565
64303238373234653832386437313039383362653033613131353733616636633634366336363739
32643031333961373233383032376163373535393931313365643039336139393338353063343631
66393134333235323932383931386136313136356534396432353566303963633737333135353332
37316337343732376439396163323134323862303365333961356461613265626631393333386235
32643661613438656362376639353331656439353266386133646566396136653833323834303265
31353931346436613838376337633037353463393961633634333761366535306164666261343665
61633835393037656638663763363232306265303466613335363631633431373833666433666465
32363631643261363537333565336237616466623238336334336333373137333236313936326463
66316566323630356638313764383466336637343963333761333334376666353137303534306363
37623831393130323836343139306666316461313766373064376263353635613938326431326562
61396133633436626638313734383939326163623439643436623333633032626131313735396333
62383939636139306435336639346638323161326537343333323561353864656239336237653636
37376533663732643135336632616163383433613137353265303934663934363437393237326135
34356165353030323639326665663337626266633634613032663666613836313530393666666364
35633337376632366536386238376438336236303637306434613565386463346331386432663463
64333138623833373162643136376161313430396633336464623035666164353761346437656238
38356264376437663834336536313761306137306164303930626466386131643335363863396665
66643266623337303165666336636134363166616331313632616333336665346230633334626636
38643464336531346435663237396666646365666632633433333866623961326464343061383837
63353336303233356531656532643437396430373537383866623432333332346366353036643864
66366335653932666663653961323833313533663637646537366639306163356662386236653733
65656336316237653433623332323635383261636561333738666430623263613235663435386361
64353566323633363338373931653264353432373639336430373933313132303238633832303765
32376636366337313864633236663763303439303838656563323332663865666434383033363835
30376563393635336632393434373535363534653931393236373563316334383735663337633838
35616132353866366566356635393630303765353634666262383631663134656137353535643965
35613032353634626461386230393262323433303831633134633433633363363335333636393463
36386461336536373036623637316265363638333266616263613665313562613565643939353865
33356238386634636438663735636435323736313465336635333136663331343266363932613431
66343830383330373730663536663336656535393237383534633337376538346332626134613433
64616332363839383532316639363030393935613463303264613635393634366562373736326462
66616530303466366431663332636330376430633130643637323038313039666361613362343739
32343932383536306332336235383534363666666261323765316664303366383031366661666464
63393866333262666664356436623064396631643434373038643466356433633361343363303432
31326539636138366165356336666264656233353135346438666637343162353364613266663734
33353534363333343564663562356130633666613937353366656134313931613032343861373934
39316262363865653231383331646233626165653463363132333234663664396363663632623761
62623637643063363763386334366632643136393037386338316133343739376131656666346662
63316164323365366437363461633335653534323463663834326562646663363332326537326438
31656564643932343963316635353161323964663431376433393263373534316231653338626434
32646232396330636334313563326330373436376364343436346133383662396365333638613366
35386164383266303833393262393334663465343963636634356566383931663962336233316130
34663936643036373061303132643166653966393730663362393037313432323563663436646666
66623362383866663730633032646664626130313836383162326436336330363763663330303639
32366531326636653038313238663630636630623238663964633230346566373230386334303464
62636165646164363531346462383230376633356565303564353837363362346138353632356436
64353333643766656638363932336135623366336337663863376333316636343035653562343063
38666138396236616332303432346238656133353834396163316131326163643961636231376132
32393662333135633735343538336265386534616238653664663263646639633131633431613662
35636135333666303261616131356237396230393333333361663661353437303437643264353638
39663230343766303430643262656538613236643761323263303432636566613639356437373633
63303262316236343236643231646563393537383338313231623837373438376434356138623930
30303738643236326665393662636333343739353436393961346462363239323036386465326235
63303938666633363333623838633662343330653631353764316161393639343032323232363933
62623266323861313761363663656666343066623432653538646563613333346531616363396130
62613166346565343165376630373365363461356264386137316463613436386661363965333031
36636235373566386464613137663562313663633435626464666434613664323766353064636430
31636536623334366638663630633365376164643136383938346138393934346362383962386132
37383135393836633134613063343363343463623666613638356465393132353631626339666330
33663938616435336162323630356435326337386666373965663337636639663965656332343038
36386563333034616431313832643934656362373466306237626162323061336363383234303630
66313863656232326233653166346166363537633039643732666535326532646633656364383839
35336261653132386330326261326334663066633736366431616135393563623761616339313764
65383262393735333432383163356436346462356331633639653232626235366232343030356538
64623534366339663033343138646634393538623231353936653530386339633033636531383530
35333662383362393938356233333339353962643138646634326461666264626236633838336661
62663763656662646637653032353637336464313465653862393437316533313739646535666466
39636434623664636639653036386130303031346435333964376131663265393763663464373163
34353432333939623935363662633264313630613363386436316363316235623037303739643639
61323730306238303865333739333566363534326335616566393561303763633332326536353835
32336432646561383939356562663834343064626666303164373834376535383735393135393232
39646438656539303764356339366432373761313261386630653265346237613331623761633238
35363562316337356166366436303963383361343162323239306264636430383936663461313332
33346264396332356264613233623030303630656534323363356132646535633062346265373635
35353663323265336435633465343632323633363031326465353836626533303835313133626465
62656533656464383634303764353862616663383932393766343335663465363537316432656633
31303439323932666636373464313866633734663838613039643064616236633133353766396134
61326238626265653734656561653363393237643366373764373534356430396535653635613538
34646534623238353431663836313839636663363932643336616235666361656365386234626264
32616435663433393463393030373066306363376439323533396531373131396163393030623334
35366262333063343465383563363364663331326364646461336661313432326263366663636366
31313830666635336535633564613330353837303138366165336666343239353836313863663039
61626664323532616632373732373436363561663735623938633162333039366362303264633561
62303464363365386638336638643738366562663734343166313665303037326330326235353235
38333532323236313137653232363939663530383133643866303663343232616231396565656237
35373365653566353132373030353262346131353935623433313937666331643931353333366462
35343537323735383736643966613836303735656466643636643835316537633763346662373135
64366464613265383465303736633164353530353739336561346538623837303566396166633363
35666231336438373464396434353034393363383331613233353763323130663963646631666333
31376631333538633236336261666232366638383531373431303834643134343761643331633932
61663932633061393564346132336432333530303363636432383365653532366137326561663665
64376265656130653562353966636161616430393662623535316161643939303261316231636533
31653339656164386666643038646564326537393230303935326562663531343162656338373538
37636263303533623035346539363766363634396336353662336166363461323937653063303739
34366537303736306631633531343037343337663961313536353639396661313030643064633364
36656532323731336639343834643661303937656565643865616535626261386337323337303365
64353834653736333564653430663066386363373637613864333764393165353933613662326563
63653134613364333764626633306162363031333630363438623931653230366339336231353437
64646165363064623061353765666238643832646362333639656431663365333335633862646137
66333165623832663666333961663265303061393239353939313064383038636633306666333832
37663439643837666564666131306264386164343536336235663162323939636632373132363366
30666262383533623661643234633639363032663262313333373432373034333863666264363666
64653437643963373239626432646633613635636364656537323265363031613537336330633231
39666632396631363130356662363835633265333036373030386431613137363863613231656534
36303536393336303466313233613362656461393063653239333836323966643030353436313733
63396534643261373762303664303335636162336432653634323932626263626461633165643538
63313863643331363733653438333831303765313566623632353637366664356431306631346661
63393934323233373535303365323734386130623565303266646533666162656265386134386562
33366434373861306561393463373631346339356338613732663261313866613663666334303331
66663261333831666366373465353233333037636339666335323932393433393538363332306362
36626434653364383338383633666661373035333233313035626461363164373034343763633230
36373162633438343163396638613634626132356535616465326137316435316431656161396662
33313563323139356563343137313131326462333731613932393539323439333931343730623136
64616234616365353161346134636133393537396331353062376237346539313963663365653861
62653935346665383434646464376637626235393330616465666264376230623863346635613138
61356438623265376130666637323661383930376164396666656665636336346534376162656138
31616630373938363933363861653733373463613563336662303339383430626132373264326135
36363434353635656331326135626632386631373464626233323831626630373039656137363931
38623630613561346132373239666130393830373631666532353338303332643135323838646436
37653061313931373263646537313331613737386537383236376665623731396534396331636363
30376636393834646561663730323761306662656363303966613865633662653035306130636332
33653861346561313561663939343339646635343534306265393065313566623937303939396536
63396330653862383761643933666330313964643936313461373035633131666232633364383235
35356362633935383832333364316466396635343462346363363931653333333333316562313933
38626164333235626331323237646361326161643334323830303866333039633239663033386233
31346637633766333536373465363832326665356330386334363630353832353466393263363665
32336231303266633363323634626439336563343036396132663463316239666366353561633030
34373236633738363664316535366332343632636531393333663332306261386430663261323033
38346538626534616162376631616434323063313961323635626364623461366561663332343631
36366639376336623666376233313564646535616530663938636363636439633235613333346634
33626231653463636330303930373335336437656237643630653636613330366137643831626238
65663364313863613535313462633335376361656133393765336539393938393064336535643138
34316562613462653837333033653038666130333632343132343663353132663630363531383063
33623061373233396562376130383838373734343736613962336235373263653861353137656334
66333133343731373865613839356363663032333961366366623264633639353336373039626332
36633831303237616536396665313831396565336561383866356237396536653538643432636162
39363966643066356439323236393964336463633264323535313137366438303637633963373332
39316131613763653731346537343339373235373036306363313130323865646230386138373931
32393964363332626639383664666235323736393537636439353866613934323337666163643361
30363061623864333731386662666634623863393938353732303634646130663366373264306132
39346265366532303466323262323737646662326464333338613237306664313132313731646635
30616331383361343633666636613335303664333866396561623932396463306165313535663135
65653534666134353431636435356264653462343838396536396133663733313336366261343931
34396634376137336432356230333963633661353365613938626462643765633230383862316265
34373864633165363266393761363638323361366237633265623034626364376265373138323935
65396334326432323938343332393961366164636533336238303638643435636339646630663163
38633931336433383432353364396637393662333461663563643035346332306230346138646336
62643661623233633765653135353834623861376264393130653266613531656230326434613863
65636634636138636166333737396138373363326637616338336536633131386464633862313439
3466
