$ANSIBLE_VAULT;1.1;AES256
33336432333233326663363236626431353662396164363133653133346163393138313932313864
3236316564316665656135383639313134626532613662650a343234343037313732323432376264
36663861323465373364383836636336313464393337373531323365356139646334316663393235
3663313065613438360a393433346166346439353239356637326337343436613539363436373666
30666237333431383336623335653035306664663434626432336537333335653865323664636365
39363261666362383665363537363133626435663065633766383833656330663638343331383066
39663230666533326532663739326633616434333662353262323762393362313031363865623365
66396534313938393432306662356230656361636230653033316332313230373834646337313737
31353731373637306161373336336462376534353236306165333138343732366364376139616430
32363934376135653139333035613263623331653265373363386136303366323936653165643831
66323536313832393337383330383564346333343536326136613464313765343630316132656265
30393866373339356332653737393537623232643434343666313461386436623130313766663930
37633632323033313233623466653963633666343230353636316136383832663961316364333734
62396536616466356635623865363336646139623730376531663433646633336531656663363837
36343938363763666463643963306431383161373633613130626536303733616535623036313862
66633863663164306638303032623866366635333138633834306161653963643463303063306632
33383636363636336465376666653432656665663434373131343237376464306561346537316166
36353739386664343538383733376161373035363433323964613964633939376661356437363936
38366663643638386563366234376137383433386137636231353236613131383365383437356235
38623735336332323866
