$ANSIBLE_VAULT;1.1;AES256
36653438313164616136313062333361343133633565333661316463636362643538373033333531
3266343565366637333661323961383933333232393537350a646135313232346639363935653366
31616437376530643862623736376338326330663830363263386635643230386565656535306239
3166656465636231320a623239333030313563623538303566626565666231313761653038663062
34336561393065343065376230363532303966666436353664663833333565306638353661613565
35323363356135663839356530623830643238396463303333343539306430646162396662323864
33646265376435666333633836643665636239393966313239646361653331663865333335396633
65326366613938376365353764653766373033376330326363633832343539383033306336386637
37346536643230656164363431626539626539303765623636396635306464363733303531306533
62343265653530623563643564346262383861363136383339633830393161313439346362373161
61636439373938616636396431323366303163383931373737633664353233353263363964663337
33316233303531356536333634633232383664396232306137313134323865373034343431613836
66353832663564643663346232323235346363343433393331613863623634306364363362616534
63613364363535353738613466386238663861336231666336313262346230316664376265623861
35646236626437343966303664313134316366313130386631626233623636306564626138373564
39616636623862396262316631633435313235313162303363633266653934326632653231613433
30323161653336343236336462303934356332663464343738613338633038643836383533613535
30623666363438393230303937316332306561343433363034616431396139323831343933373564
34366135646433306636396465363262383162303263376464613362376430383863666364363338
34363938346432646537326431636466336433663237353732336335393862333438393936633637
33303033663432363137323864376564333639376433373537356463313535363137646230333636
39643530386565336339396132323739663634613234663439316532376235313664633965323262
62616333643665623435303130313239373231306363616263336333646435393033336161306435
36306563346231663939313861333330613664313965353764323938393439396532376333663531
39613563663639323636343361663962663936663366613066316135613063353665356432363136
30306436636230333932323364343566313762373162393238666532396430363763643730386233
61613464323837616362353861316139393432616230336336323934326164396330353635383132
64346535643639376461
