$ANSIBLE_VAULT;1.1;AES256
39396533376633343666646235336337646333656133343234323833333337613062616663636630
3036646562333438353132626162333035653735616462300a626636623562336461613631656561
32323238326533366336363635393032336362633538616366396234663137366537353466343132
3231633537393435380a316666316638633138643664653535353630323131663130326631333739
65623730656239383165636531643461653163653139646639316334383964623063303463323866
64393033373065633764613264636366353663336539373461306361393134623731386334613135
32393236346231333734336534376239353336346366623662306666626635623962333464383333
63663739623565663137373766363832643765643230383135613534636666633134633966623131
33623034313135393136323162653933363835313634626135666636373835383832623136326133
30396332353162363137323164366632626632333134633230316230643966653630633563646336
36313931633762383535316430386438643832313565306230336663343562303639653831303437
31326432386533373364303035663766386438323561663238643230373439343437633039666463
38373130306138396536333437633838613136633634386363333661313731613964343433376431
36313932363632633562396236316135336632363937626663363339663361396531646564373933
61333135643364613432623534616634366336656364646131383661376366663137366534313837
61313931393036663031
