$ANSIBLE_VAULT;1.1;AES256
35663637353336346433653762623131303032346434663135303662393964363666653831643438
3030336136326430316264353036303866653562363030320a316266626435343435306230346336
65626666303163633935363936303539623135376436646463313836393062633337366661623930
3464383732393736360a313562643731316362666665393932393732383261343534393066336163
33636166366235353539633831663130666664386662666632633466663034643331396666373936
63353635633132383936303237633561643532316663336166353932636632633463326630326236
38373134386563303365363662363738646438303138306639326565353630613366623765376436
62336137313430666163313339313866363538636565663961656361623861333838643466666638
65633333353866636363383766363033396637366137366566633031636664373031336666393734
63653164346533383937393063386563353561326135316334663334356136336666363539313362
63616665303861643834366365386262376539356237633131336332663063376230356133306137
35666465626233663931623535323132333832376566316131333662376234366138633566316136
63636233636635356136306535666234613866383636623965633737636637366531663739636638
63613839643236356165386663356363366161323435386437396131393061313061366263636262
37393966363434336363326539613838393936663362383232396362316235623463636661323965
31326166653066663965333436383330373637636234373062343638326233623033646433313538
32626435346462313666393231306237626233633063363833363938343162303637616234383530
31653334643233646463303265393636613334653736666364303738656535373936313237643964
66663063383765383234306665636335643730616332393934323665613462636266393032323738
33383331653363393166633166306434353430663765636631653065386261383932323830343533
32376635346233333333343331323961636539623230383065343630626633613066613866623262
61636536666133353264326538353936393033396139396232396633336639366336633038343162
33313733326631633564393035643439653234653363353063643939656236306234646365643636
61666430373937333536
